D3 00 16 43 50 01 00 00 00 02 00 00 00 00 00 00 00 00 00 00 20 01 00 00 00 11 78 3E 
D3 00 16 43 F0 01 02 92 14 C2 00 00 00 00 00 00 00 00 00 00 20 80 00 00 00 7A 67 C2 
D3 00 24 44 90 01 00 00 00 02 00 00 00 00 20 00 00 00 00 00 04 00 00 00 49 C0 5A 00 00 79 01 41 EC C7 CE 05 C1 00 00 E5 53 89 
D3 00 16 46 70 01 90 31 35 40 00 00 00 00 00 00 00 00 00 00 20 02 00 00 00 24 D5 24 
D3 00 15 3E E0 01 03 39 96 46 F7 1D 8A EE 12 0C C1 07 B7 5F A5 2C 00 00 61 AE 8A 
D3 00 16 43 50 01 00 00 00 02 00 00 00 00 00 00 00 00 00 00 20 01 00 00 00 11 78 3E 
D3 00 16 43 F0 01 02 92 14 C2 00 00 00 00 00 00 00 00 00 00 20 80 00 00 00 7A 67 C2 
D3 00 24 44 90 01 00 00 00 02 00 00 00 00 20 00 00 00 00 00 04 00 00 00 49 C0 5A 00 00 79 01 41 EC C7 CE 05 C1 00 00 E5 53 89 
D3 00 16 46 70 01 90 31 35 40 00 00 00 00 00 00 00 00 00 00 20 02 00 00 00 24 D5 24 
D3 00 15 3E E0 01 03 39 96 46 F7 1D 8A EE 12 0C C1 07 B7 5F A5 2C 00 00 61 AE 8A 
d3 00 5f 43 f0 01 48 32 98 a2 20 20 60 80 02 80 20 20 20 20 20 80 20 20 55 48 29 68 a9 68 90 7a 92 8a e1 1a 63 aa f5 20 61 ee f0 42 61 6e fb b6 78 a3 c1 fa 28 4a d5 e3 81 d9 93 80 21 e2 05 20 c2 e3 21 2b bb 20 c7 f2 7e 57 ac f0 cc 33 0e c3 b0 e8 2d ca fa f1 ac ec 40 7d 41 18 c6 ea 88 32 25 74 84 bd c3 